time	at	ch	cm
0	0	0	0
10	4	5	4
20	3	4	6
30	5	6	5
40	4	5	4
50	3	6	4
60	5	5	6
70	5	6	5
80	4	5	6
90	5	6	5
100	4	5	6
110	5	4	4
120	6	6	6
130	4	5	5
140	3	6	4
150	5	6	5
160	4	5	6
170	3	4	5
180	5	6	5
190	4	5	4
200	5	6	6
210	5	5	5
220	6	6	4
230	4	5	6
240	3	6	5
250	5	5	6
260	4	4	5
270	3	6	6
280	5	5	5
290	5	6	6
300	4	5	5
310	4	6	4
320	3	5	6
330	5	6	5
340	4	5	6
350	3	4	5
360	5	5	6
370	4	4	5
380	5	6	6
390	5	5	5
400	6	4	4
410	4	5	5
420	3	4	4
430	5	6	6
440	4	5	5
450	3	6	6
460	5	5	5
470	5	6	6
480	4	5	6
490	6	5	5
500	5	5	5
510	8	4	4
520	4	6	6
530	3	5	5
540	4	5	6
550	4	7	6
560	5	6	6
570	5	6	6
580	6	5	5
590	4	4	4
600	3	6	6
610	5	5	5
620	4	6	6
630	3	5	5
640	5	6	6
650	5	3	3
660	4	6	6
670	3	5	5
680	5	4	4
690	4	5	5
700	3	4	4
710	5	6	6
720	5	5	6
730	5	6	5
740	6	5	5
750	4	5	6
760	6	5	5
770	4	6	6
780	3	5	5
790	5	4	4
800	4	6	6
810	5	5	5
820	5	6	6
830	5	5	7
840	4	6	6
850	5	6	6
860	4	5	5
870	6	4	4
880	7	6	6
890	5	5	5
900	4	6	6
910	3	5	5
920	5	6	6
930	5	5	6
940	4	5	6
950	6	5	5
960	5	6	5
970	6	5	5
980	4	6	5
990	3	6	6
1000	5	6	5
1010	4	5	6
1020	6	4	5
1030	5	5	3
1040	6	4	4
1050	3	6	6
1060	4	4	5
1070	5	6	4
1080	6	5	4
1090	5	3	6
1100	6	4	5
1110	3	6	6
1120	4	5	5
1130	5	5	6
1140	4	5	4
1150	4	6	6
1160	5	5	5
1170	6	6	4
1180	3	5	5
1190	4	6	5
1200	5	6	5
