temp	Na	Det	N
10	5	5	0
20	5	5	0
30	5	5	0
40	5	5	0
50	5	5	0
60	5	4	1
70	5	5	0
80	5	4	1
90	5	5	0
100	5	5	0
110	5	4	1
120	5	5	0
130	5	5	0
140	5	5	0
150	5	5	0
160	5	4	1
170	5	5	0
180	5	5	0
190	5	5	0
200	5	5	0
210	5	5	0
220	5	4	1
230	5	5	0
240	5	5	0
250	5	5	0
260	5	5	0
270	5	4	1
280	5	5	0
290	5	5	0
300	5	5	0
310	5	5	0
320	5	5	0
330	5	5	0
340	5	5	0
350	5	5	0
360	5	5	0
370	5	5	0
380	5	5	0
390	5	5	0
400	5	5	0
410	5	5	0
420	5	5	0
430	5	5	0
440	5	4	1
450	5	5	0
460	5	5	0
470	5	5	0
480	5	5	0
490	5	5	0
500	5	5	0
510	5	5	0
520	5	5	0
530	5	5	0
540	5	5	0
550	5	5	0
560	5	5	0
570	5	5	0
580	5	5	0
590	5	5	0
600	5	5	0
610	5	4	1
620	5	5	0
630	5	5	0
640	5	5	0
650	5	5	0
660	5	5	0
670	5	5	0
680	5	5	0
690	5	5	0
700	5	5	0
710	5	5	0
720	5	5	0
730	5	5	0
740	5	5	0
750	5	5	0
760	5	5	0
770	5	5	0
780	5	5	0
790	5	5	0
800	5	5	0
810	5	5	0
820	5	5	0
830	5	5	0
840	5	5	0
850	5	5	0
860	5	5	0
870	5	5	0
880	5	5	0
890	5	5	0
900	5	5	0
910	5	5	0
920	5	5	0
930	5	5	0
940	5	4	1
950	5	5	0
960	5	4	1
970	5	5	0
980	5	5	0
990	5	5	0
1000	5	4	1
1010	5	5	0
1020	5	5	0
1030	5	5	0
1040	5	5	0
1050	5	5	0
1060	5	5	0
1070	5	4	1
1080	5	5	0
1090	5	5	0
1100	5	5	0
1110	5	4	1
1120	5	5	0
1130	5	5	0
1140	5	5	0
1150	5	5	0
1160	5	4	1
1170	5	5	0
1180	5	4	1
1190	5	5	0
1200	5	5	0

